Version:
0.2.5
Player One:
1, 0, 0
Player Two:
1, 1, 0
Stage:
0, Beat28, False
Player One Inputs:
2,0,-4.459024|2,0,-0.5366778|4,0,-0.6325755|4,0,-0.5664935|4,0,-0.634356|4,0,-0.6000333|4,0,-0.7814975|4,0,-0.5845213|4,0,-0.9465389|4,0,-0.5860863|4,0,-0.8778172|4,0,-0.5509062|4,0,-0.8018026|4,0,-0.7995663|4,0,-0.9343567|4,0,-0.7334595|4,0,-0.8322678|4,0,-0.7304993|4,0,-0.6987629|4,0,-0.6844959|4,0,-0.6677284|4,0,-0.6635628|4,0,-0.6500969|4,0,-0.9504948|4,0,-1.051458|4,0,-0.7998447|4,0,-0.6331997
Player Two Inputs:
2,0,-4.459024|2,0,-0.5204434|4,0,-0.5837145|4,0,-0.6154962|4,0,-0.617415|4,0,-0.6330671|4,0,-0.7473044|4,0,-0.6014795|4,0,-0.9637737|4,0,-0.5860863|4,0,-0.8631105|4,0,-0.5492401|4,0,-0.9664307|4,0,-0.7687502|4,0,-0.9184313|4,0,-0.7496166|4,0,-0.7994909|4,0,-0.7583809|4,0,-0.6889095|4,0,-0.6821918|4,0,-0.6840153|4,0,-0.6619511|4,0,-0.6039848|4,0,-0.8813133|4,0,-0.9697762|4,0,-0.8626366|4,0,-0.6520901Skip:
1.558482